t1                t2
0.359316     2.72152
0.574383     0.646625
0.829062     0.364734
1.11148     23.3985
1.41536     0.581351
1.73682     -0.0733922
2.07321     26.4611
2.4226     0.77955
2.78354     -0.484757
3.15484     2.64698
3.53559     1.52797
3.92499     0.743852
4.32238     5.66833
4.72721     0.576189
5.13899     0.135198
5.55729     2836.28
5.98173     0.639038
6.41197     -0.247212
6.84773     6.71856
7.28873     1.01242
7.73473     -1.01763
8.1855     1.41496
8.64084     2.51451
9.10056     0.666464
9.5645     0.400991
10.0325     18.6051
10.5044     0.577413
10.9801     -0.0502191
11.4594     34.9247
11.9422     0.757604
12.4285     -0.451069
12.918     2.90591
13.4108     1.445
13.9067     0.802531
14.4056     5.04897
14.9074     0.580315
15.4122     0.162446
15.9197     520.887
16.4299     0.62828
16.9428     -0.223399
17.4583     7.72014
17.9764     0.972804
18.4969     -0.858234
19.0198     1.52995
19.5451     2.33115
20.0727     0.690871
20.6026     0.439023
21.1347     15.1461
21.6689     0.574324
22.2053     -0.0268269
22.7438     
23.2844     
23.827     
24.3715     
24.918     
25.4664     
26.0167     
26.5688     
27.1227     
27.6784     
28.2359     
28.7951     
29.356     
29.9185     
30.4827     
31.0486     
31.616     
32.185     
32.7556     
33.3277     
33.9013     
34.4763     
35.0529     
35.6309     
36.2103     
36.7912     
37.3734     
37.957     
38.542     
39.1283     
39.716     
40.3049     
40.8952     
41.4867     
42.0795     
42.6735     
43.2688     
43.8653     
44.463     
45.0619     
45.6619     
46.2632     
46.8656     
47.4691     
48.0738     
48.6796     
49.2865     
49.8945     
50.5036     
51.1137     
