t1                t2
0.560455     2.72152
0.815075     0.646625
1.09845     0.364734
1.40343     23.3985
1.72591     0.581351
2.0632     -0.0733922
2.41338     26.4611
2.775     0.77955
3.14691     -0.484757
3.52817     2.64698
3.91803     1.52797
4.31584     0.743852
4.72103     5.66833
5.13314     0.576189
5.55173     0.135198
5.97643     2836.28
6.40693     0.639038
6.84291     -0.247212
7.28411     6.71856
7.73029     1.01242
8.18124     -1.01763
8.63674     1.41496
9.09661     2.51451
9.56069     0.666464
10.0288     0.400991
10.5008     18.6051
10.9766     0.577413
11.456     -0.0502191
11.939     34.9247
12.4253     0.757604
12.9149     -0.451069
13.4078     2.90591
13.9038     1.445
14.4027     0.802531
14.9047     5.04897
15.4095     0.580315
15.9171     0.162446
16.4274     520.887
16.9403     0.62828
17.4559     -0.223399
17.974     7.72014
18.4945     0.972804
19.0175     -0.858234
19.5428     1.52995
20.0705     2.33115
20.6004     0.690871
21.1326     0.439023
21.6669     15.1461
22.2033     0.574324
22.7419     -0.0268269
23.2824     
23.825     
24.3696     
24.9161     
25.4646     
26.0149     
26.567     
27.121     
27.6767     
28.2342     
28.7934     
29.3543     
29.9169     
30.4811     
31.047     
31.6145     
32.1835     
32.7541     
33.3262     
33.8998     
34.4749     
35.0515     
35.6295     
36.209     
36.7898     
37.3721     
37.9557     
38.5407     
39.127     
39.7147     
40.3037     
40.8939     
41.4854     
42.0782     
42.6723     
43.2676     
43.8641     
44.4618     
45.0607     
45.6608     
46.262     
46.8644     
47.468     
48.0727     
48.6785     
49.2854     
49.8934     
50.5025     
51.1127     
51.7239     
